11
192.168.0.1
Computer 1
16384
45
55.4
1
1
2
Camera 1 20.7 21.6 15 20
Mouse 1 18.3 28.5 22 33
192.168.0.2
Computer 2
16384
1.6
2.2
1
1
0
192.168.0.3
Computer 3
16384
3.2
3.1
0
1
0
192.168.0.4
Computer 4
16384
1.4
1.8
1
1
0
192.168.0.5
Computer 5
16384
1.2
1.7
1
1
0
192.168.0.6
Computer 6
16384
4
3.8
1
1
0
192.168.0.7
Computer 7
16384
3.4
2.9
1
1
0
10.2.2.5
Client1
16384
3.4
3
1
1
0
10.2.2.10
Server1
16384
3.3
2.8
1
1
0
10.2.2.55
My Desktop
16384
2.3
2.2
1
1
0
10.2.2.57
Laptop2
16384
2
1.1
0
1
0
